2129 1284
1727 1251
1365 1227
1117 1224
1200 1249
1374 1251
1530 1262
1675 1266
1813 1279
1923 1275
2017 1277
2079 1277
2090 1279
2109 1292
2109 1292
2081 1277
2081 1277
2030 1301
2011 1284
1975 1277
1965 1275
1954 1277
1945 1273
1945 1273
1943 1268
1943 1268
1943 1268
1943 1268
1943 1268
1943 1268
1943 1268
1943 1268
1943 1268
1943 1268
1943 1268
1943 1268
1943 1268
1958 1286
1958 1286
1958 1286
1943 1286
1927 1303
1896 1303
1806 1301
1712 1308
1635 1308
1596 1308
1585 1303
1587 1301
1622 1295
1653 1290
1710 1286
1745 1292
1804 1297
1855 1303
1907 1308
1927 1306
1978 1292
1995 1288
2015 1288
2019 1286
2033 1281
2033 1281
2033 1281
2037 1281
2037 1281
2015 1295
2015 1295
2004 1312
2002 1284
2019 1295
2019 1295
2046 1297
2046 1297
2059 1299
2074 1297
2085 1299
2085 1299
2085 1299
2074 1295
2087 1286
2103 1281
2129 1279
2147 1297
2145 1281
2145 1281
2120 1288
2083 1284
2066 1295
2037 1292
1978 1297
1949 1288
1912 1284
1872 1288
1872 1288
1901 1292
2041 1295
2098 1303
2164 1297
2232 1308
2309 1308
2351 1314
2347 1303
2333 1290
2333 1290
2285 1295
2285 1295
2285 1299
2285 1299
2285 1299
2285 1299
2285 1299
2285 1299
2263 1297
2263 1297
2263 1297
2263 1297
2263 1297
2263 1297
2263 1297
2263 1297
2263 1297
2263 1297
2206 1319
2206 1319
2206 1319
2206 1319
2241 1321
2195 1303
2195 1303
2171 1310
2171 1310
2199 1310
2199 1310
2199 1310
2199 1310
2206 1317
2206 1317
2206 1317
2206 1317
2164 1314
2164 1314
2164 1314
2164 1314
2109 1286
2109 1286
2085 1281
2085 1281
2059 1270
2059 1270
2004 1266
2004 1266
1791 1286
3835 1519
3829 1512
3829 1512
3829 1512
3829 1512
2845 1323
2412 1321
2412 1321
1683 1299
1442 1292
1422 1273
1422 1273
1468 1257
1468 1257
1514 1279
1514 1279
1514 1279
1620 1281
1620 1281
1631 1277
1655 1273
1640 1277
1646 1308
1635 1339
1611 1306
1620 1308
1602 1299
